#Current Time = Mon Sep 23 18:19:06 2024

#LeftCamK
1040.049657 0.000000 764.403731
0.000000 1041.588477 543.031073
0.000000 0.000000 1.000000


#LeftCamDist
-0.257699 0.188174 -0.000695 0.000553 -0.131211

#RightCamK
1043.406114 0.000000 725.299799
0.000000 1043.026037 583.429527
0.000000 0.000000 1.000000

#RightCamDist
-0.244019 0.143105 0.000668 0.000706 -0.065226

#LeftCamRT
1.0 0.0 0.0 0.0
0.0 1.0 0.0 0.0
0.0 0.0 1.0 0.0


#RightCamRT
0.945226 0.022968 0.325607 -754.365705 
-0.017990 0.999671 -0.018291 2.488782 
-0.325920 0.011431 0.945328 118.502761 


#FMatrix
-0.000000032341 0.000001725739 -0.000961057645 
0.000000616353 -0.000000046307 -0.008104134413 
-0.000495261699 0.006889128895 1.000000000000 


#Rectify_L
0.008599510500 -0.000493780884 -8.535208811306 
-0.000402035068 0.006951039590 -0.281231260081 
-0.000000457225 0.000000021385 0.006022265804 


#Rectify_R
1.265798959369 -0.012832017540 -375.821212019173 
0.109830841188 0.998937974509 -157.582917545139 
0.000184618291 -0.000001871565 0.735160305447 


#Rectify_Rotation_L
0.984406684167 0.017657780231 0.175019093145 
-0.016242202798 0.999822789740 -0.009517350712 
-0.175156133253 0.006526248052 0.984519038450 


#Rectify_Rotation_R
0.987879995009 -0.003259185198 -0.155185351024 
0.004512630129 0.999959975716 0.007725486133 
0.155153961052 -0.008332147293 0.987855163317 


#Projection_Matrix_Q
1.000000000000 0.000000000000 0.000000000000 -597.669258117676 
0.000000000000 1.000000000000 0.000000000000 -585.188796997070 
0.000000000000 0.000000000000 0.000000000000 1042.307257294576 
0.000000000000 0.000000000000 0.001309550511 -0.000000000000 


